445968
823808
489513
210450
590472
868836
992696
482750
185051
247604
993978
440185
886828
281060
247884
217398
87371
176461
845632
319238
230800
71207
122970
204458
908827
41378
35763
882544
980788
93099
403440
270640
797178
285108
176568
810278
195643
428884
398449
513405
501586
77862
50093
212301
348401
744819
74362
569669
320718
96764
304020
319282
529507
585774
423753
582723
111487
963332
887354
502571
249240
678168
857979
303728
192563
74097
43335
218329
271504
158449
777009
233290
925115
349488
736031
431849
751674
611829
409874
691520
456453
143103
690518
48644
120604
558299
984939
617894
722233
995364
557331
154319
400474
641074
466508
923007
859014
795850
794072
839676
955561
97997
173702
51476
884998
423826
656182
551861
143131
157628
914518
689291
540095
968538
248308
922501
880352
166763
896815
900288
840442
422547
849890
366175
424861
186475
861316
48027
695042
460601
434662
664169
488538
293497
442072
87804
952847
739525
420626
176095
219854
433937
437743
846083
157420
494215
265998
933591
706160
314713
363690
677587
267574
298030
912939
746913
43362
374674
585749
527247
4712
403959
193200
131955
868033
100004
720018
208161
162200
243357
545921
656019
233818
242792
892499
889364
691494
823489
294966
224813
719786
191542
733605
317678
863573
675944
930342
565110
977636
631584
975300
549738
666547
42941
815627
45860
902692
136524
3458
733553
61017
593628
708130
525492
181347
87358
12188
747389
978309
137369
791589
390024
886329
110518
566240
88265
781196
987101
566449
323756
840354
113162
134808
507147
813593
571179
658072
832685
829757
623067
267762
95451
932008
995731
606062
678901
285070
933896
324479
64530
42092
60486
537781
418979
940
78715
295719
448913
410271
636798
421411
481288
399438
69860
580142
824713
235223
121411
272991
5651
232543
508570
760462
868636
743345
621820
431777
156928
359077
823648
914065
874810
345167
775321
114489
747335
425770
265597
113934
170807
88663
128081
412302
318319
164507
884519
61011
369973
553249
909206
459778
594971
440149
342663
297367
546824
301534
540615
93024
259100
114751
271965
473233
568575
830537
479204
389018
823134
168552
302270
424894
796005
339304
733959
62068
830424
411223
737317
342765
151444
396926
166212
969895
654225
208283
270205
557323
752619
397314
103484
194781
533697
470945
823769
519085
537934
784180
387895
611675
973189
376550
974886
399412
767102
50374
878913
707994
408213
556550
824392
814787
722911
796669
338022
233656
738723
355471
797426
27980
72424
248394
391438
401314
197316
385599
236155
350232
741158
547391
828403
601189
914295
505179
422497
63818
459023
517673
5746
999915
333021
465489
143887
138358
425557
475280
882982
226477
890004
150163
402411
713932
703117
657997
128443
790783
562562
254997
524944
347763
247143
900896
271926
583594
311863
815834
411257
599317
743840
79756
587998
825987
649629
691730
336262
370823
402328
815991
334885
406748
922794
910122
153209
770556
758579
684938
40726
147815
472571
260754
762452
836196
882809
731010
888197
245933
671238
248309
577770
925526
838463
13841
948430
491591
526885
461758
18485
717965
623374
155408
795185
177667
416722
308640
890616
27793
264621
654696
285001
377144
741056
861106
518794
519622
219997
510037
169904
440660
993736
185133
631831
112351
321642
72858
569627
891260
195797
550848
214776
185021
124183
421448
11795
622192
819968
774416
244470
841497
605410
972236
327632
767268
989078
31452
265100
354647
73606
942377
64724
753620
234143
51090
656099
465570
277897
97882
923991
321278
435472
882575
981205
994885
490822
584207
729677
372938
610156
531369
747453
758656
128248
879259
432960
839593
449307
453553
543272
101778
102243
379696
496596
690113
584480
55312
2841
382906
633160
195275
748955
378024
465861
882794
733805
236502
422351
140307
80999
180151
67658
635636
635947
554353
752362
596720
456810
527338
654821
733429
624858
466346
458714
908829
893838
164768
23225
427762
665324
274720
780706
156530
673541
294398
88856
4435
143083
685385
564673
266052
600728
222848
770710
30386
176435
761252
688561
450916
686729
530646
740618
13580
28497
231471
492969
945012
787734
220455
833718
862406
562765
438110
859133
551203
290849
695622
657054
333720
896465
292779
459659
463994
455610
517179
408633
975678
911329
553510
586564
462147
791490
800685
196994
194680
915243
974030
425981
26561
444211
892572
716613
949377
651662
975634
30857
105111
872847
448420
305911
267714
184317
515223
404992
353217
530209
431072
151813
532200
468158
122928
377993
347372
244202
563193
110952
770867
433017
878572
131383
525689
657063
622639
400222
860387
67160
7051
706170
273292
513741
95022
614077
38686
830622
858519
922433
663993
787578
698384
972526
478983
871008
283710
717656
573831
433760
824450
247468
929561
578497
492450
638257
810752
533174
971725
758984
378501
553323
257738
33329
128105
317418
729689
362182
240530
178984
780914
853164
836874
186056
472298
809408
308555
848677
303573
140972
970036
827052
721611
714398
821896
232978
256674
533438
170785
179574
862512
498093
626543
686081
201583
386850
927051
347815
368762
805193
805166
149457
860717
103392
630237
840287
154492
56171
741503
350604
924596
867243
305348
390243
767828
692048
218075
308804
675418
368857
285637
546953
409743
379403
784513
152974
949152
583
732021
925036
348567
789340
116552
868825
971636
399412
921321
392397
134570
874490
646061
476979
134319
366130
452514
1349
884000
680925
729230
182386
776419
140082
806991
734657
313340
36050
791676
569051
303438
92655
276839
547126
634194
39993
773872
573311
852318
901483
802014
59276
70354
929030
93492
610450
342602
41041
962417
373356
66011
834981
481408
474871
981290
917506
216240
753788
676691
208485
59119
198407
212585
653286
152769
502222
49530
480559
556140
967562
295532
52685
260471
259203
393808
403507
532497
726697
327771
329041
284318
778788
270115
81358
258311
780303
14674
407946
239569
48634
276363
227902
755646
393238
319125
697
269655
583660
306177
24308
325896
525415
299718
427044
416274
617808
995274
283970
725803
785722
479200
745090
644649
15422
455236
126955
920929
832017
363573
712241
577353
409251
35146
572402
146144
967782
568656
236094
60165
479624
756663
755243
66533
336310
571919
187682
711716
281988
567376
702634
907695
455111
264717
507450
200123
609096
580967
432293
841419
875256
226227
814499
836025
476391
765356
631879
232201
474476
327229
354067
721225
127642
861205
232573
131734
740257
726059
744206
247590
698487
203024
636851
496066
521052
209028
238230
312677
671413
462675
538914
496966
280888
819610
527978
585065
944849
962849
627975
471715
388892
852479
766540
780068
865641
509476
942274
473096
460101
753631
941473
183959
974073
960396
557060
895975
628473
990712
670187
531246
537775
976627
665443
673515
474517
25924
273379
717772
819711
217931
993812
173482
477419
724447
144356
385268
915516
491414
722688
725493
781430
839627
925539
271872
988580
919092
980457
902246
606803
848494
912245
