583
697
940
1349
2841
3458
4435
4712
5651
5746
7051
11795
12188
13580
13841
14674
15422
18485
23225
24308
25924
26561
27793
27980
28497
30386
30857
31452
33329
35146
35763
36050
38686
39993
40726
41041
41378
42092
42941
43335
43362
45860
48027
48634
48644
49530
50093
50374
51090
51476
52685
55312
56171
59119
59276
60165
60486
61011
61017
62068
63818
64530
64724
66011
66533
67160
67658
69860
70354
71207
72424
72858
73606
74097
74362
77862
78715
79756
80999
81358
87358
87371
87804
88265
88663
88856
92655
93024
93099
93492
95022
95451
96764
97882
97997
100004
101778
102243
103392
103484
105111
110518
110952
111487
112351
113162
113934
114489
114751
116552
120604
121411
122928
122970
124183
126955
127642
128081
128105
128248
128443
131383
131734
131955
134319
134570
134808
136524
137369
138358
140082
140307
140972
143083
143103
143131
143887
144356
146144
147815
149457
150163
151444
151813
152769
152974
153209
154319
154492
155408
156530
156928
157420
157628
158449
162200
164507
164768
166212
166763
168552
169904
170785
170807
173482
173702
176095
176435
176461
176568
177667
178984
179574
180151
181347
182386
183959
184317
185021
185051
185133
186056
186475
187682
191542
192563
193200
194680
194781
195275
195643
195797
196994
197316
198407
200123
201583
203024
204458
208161
208283
208485
209028
210450
212301
212585
214776
216240
217398
217931
218075
218329
219854
219997
220455
222848
224813
226227
226477
227902
230800
231471
232201
232543
232573
232978
233290
233656
233818
234143
235223
236094
236155
236502
238230
239569
240530
242792
243357
244202
244470
245933
247143
247468
247590
247604
247884
248308
248309
248394
249240
254997
256674
257738
258311
259100
259203
260471
260754
264621
264717
265100
265597
265998
266052
267574
267714
267762
269655
270115
270205
270640
271504
271872
271926
271965
272991
273292
273379
274720
276363
276839
277897
280888
281060
281988
283710
283970
284318
285001
285070
285108
285637
290849
292779
293497
294398
294966
295532
295719
297367
298030
299718
301534
302270
303438
303573
303728
304020
305348
305911
306177
308555
308640
308804
311863
312677
313340
314713
317418
317678
318319
319125
319238
319282
320718
321278
321642
323756
324479
325896
327229
327632
327771
329041
333021
333720
334885
336262
336310
338022
339304
342602
342663
342765
345167
347372
347763
347815
348401
348567
349488
350232
350604
353217
354067
354647
355471
359077
362182
363573
363690
366130
366175
368762
368857
369973
370823
372938
373356
374674
376550
377144
377993
378024
378501
379403
379696
382906
385268
385599
386850
387895
388892
389018
390024
390243
391438
392397
393238
393808
396926
397314
398449
399412
399412
399438
400222
400474
401314
402328
402411
403440
403507
403959
404992
406748
407946
408213
408633
409251
409743
409874
410271
411223
411257
412302
416274
416722
418979
420626
421411
421448
422351
422497
422547
423753
423826
424861
424894
425557
425770
425981
427044
427762
428884
431072
431777
431849
432293
432960
433017
433760
433937
434662
435472
437743
438110
440149
440185
440660
442072
444211
445968
448420
448913
449307
450916
452514
453553
455111
455236
455610
456453
456810
458714
459023
459659
459778
460101
460601
461758
462147
462675
463994
465489
465570
465861
466346
466508
468158
470945
471715
472298
472571
473096
473233
474476
474517
474871
475280
476391
476979
477419
478983
479200
479204
479624
480559
481288
481408
482750
488538
489513
490822
491414
491591
492450
492969
494215
496066
496596
496966
498093
501586
502222
502571
505179
507147
507450
508570
509476
510037
513405
513741
515223
517179
517673
518794
519085
519622
521052
524944
525415
525492
525689
526885
527247
527338
527978
529507
530209
530646
531246
531369
532200
532497
533174
533438
533697
537775
537781
537934
538914
540095
540615
543272
545921
546824
546953
547126
547391
549738
550848
551203
551861
553249
553323
553510
554353
556140
556550
557060
557323
557331
558299
562562
562765
563193
564673
565110
566240
566449
567376
568575
568656
569051
569627
569669
571179
571919
572402
573311
573831
577353
577770
578497
580142
580967
582723
583594
583660
584207
584480
585065
585749
585774
586564
587998
590472
593628
594971
596720
599317
600728
601189
605410
606062
606803
609096
610156
610450
611675
611829
614077
617808
617894
621820
622192
622639
623067
623374
624858
626543
627975
628473
630237
631584
631831
631879
633160
634194
635636
635947
636798
636851
638257
641074
644649
646061
649629
651662
653286
654225
654696
654821
656019
656099
656182
657054
657063
657997
658072
663993
664169
665324
665443
666547
670187
671238
671413
673515
673541
675418
675944
676691
677587
678168
678901
680925
684938
685385
686081
686729
688561
689291
690113
690518
691494
691520
691730
692048
695042
695622
698384
698487
702634
703117
706160
706170
707994
708130
711716
712241
713932
714398
716613
717656
717772
717965
719786
720018
721225
721611
722233
722688
722911
724447
725493
725803
726059
726697
729230
729677
729689
731010
732021
733429
733553
733605
733805
733959
734657
736031
737317
738723
739525
740257
740618
741056
741158
741503
743345
743840
744206
744819
745090
746913
747335
747389
747453
748955
751674
752362
752619
753620
753631
753788
755243
755646
756663
758579
758656
758984
760462
761252
762452
765356
766540
767102
767268
767828
770556
770710
770867
773872
774416
775321
776419
777009
778788
780068
780303
780706
780914
781196
781430
784180
784513
785722
787578
787734
789340
790783
791490
791589
791676
794072
795185
795850
796005
796669
797178
797426
800685
802014
805166
805193
806991
809408
810278
810752
813593
814499
814787
815627
815834
815991
819610
819711
819968
821896
823134
823489
823648
823769
823808
824392
824450
824713
825987
827052
828403
829757
830424
830537
830622
832017
832685
833718
834981
836025
836196
836874
838463
839593
839627
839676
840287
840354
840442
841419
841497
845632
846083
848494
848677
849890
852318
852479
853164
857979
858519
859014
859133
860387
860717
861106
861205
861316
862406
862512
863573
865641
867243
868033
868636
868825
868836
871008
872847
874490
874810
875256
878572
878913
879259
880352
882544
882575
882794
882809
882982
884000
884519
884998
886329
886828
887354
888197
889364
890004
890616
891260
892499
892572
893838
895975
896465
896815
900288
900896
901483
902246
902692
907695
908827
908829
909206
910122
911329
912245
912939
914065
914295
914518
915243
915516
917506
919092
920929
921321
922433
922501
922794
923007
923991
924596
925036
925115
925526
925539
927051
929030
929561
930342
932008
933591
933896
941473
942274
942377
944849
945012
948430
949152
949377
952847
955561
960396
962417
962849
963332
967562
967782
968538
969895
970036
971636
971725
972236
972526
973189
974030
974073
974886
975300
975634
975678
976627
977636
978309
980457
980788
981205
981290
984939
987101
988580
989078
990712
992696
993736
993812
993978
994885
995274
995364
995731
999915
